25
45
65
81
85
105
117
145
153
165
169
185
189
205
221
225
245
261
265
273
285
289
297
305
325
333
345
357
365
369
377
385
405
425
429
445
465
477
481
485
493
505
513
525
533
545
549
561
565
605
609
621
629
637
645
657
665
685
689
697
705
725
741
745
777
785
793
801
805
825
833
837
841
845
861
865
873
885
897
901
905
909
925
949
957
965
969
981
985
1001
1005
1017
1025
1029
1037
1045
1053
1065
1073
1085
1113
1125
1145
1157
1161
1165
1173
1185
1189
1205
1209
1221
1225
1233
1241
1245
1261
1265
1269
1281
1285
1309
1313
1325
1341
1345
1353
1369
1377
1385
1405
1413
1417
1421
1425
1445
1465
1469
1505
1513
1517
1521
1525
1533
1537
1545
1557
1565
1573
1581
1585
1593
1605
1625
1629
1645
1649
1653
1677
1681
1685
1701
1705
1717
1725
1729
1737
1745
1749
1765
1769
1773
1781
1805
1809
1813
1825
1833
1853
1865
1869
1905
1917
1921
1925
1937
1945
1961
1965
1985
2001
2005
2009
2013
2025
2037
2041
2045
2057
2061
2065
2085
2093
2097
2105
2109
2117
2121
2125
2133
2165
2169
2173
2185
2193
2225
2233
2241
2245
2249
2257
2261
2265
2285
2289
2301
2305
2313
2325
2329
2337
2345
2349
2353
2365
2373
2397
2401
2409
2421
2425
2445
2485
2493
2501
2505
2509
2525
2529
2533
2545
2553
2561
2581
2585
2597
2601
2605
2613
2625
2637
2645
2669
2673
2685
2697
2701
2705
2717
2725
2737
2765
2769
2781
2785
2809
2813
2817
2821
2825
2829
2845
2849
2853
2865
2873
2877
2885
2889
2905
2929
2937
2941
2945
2965
2977
2985
2989
2993
2997
3005
3009
3021
3025
3029
3033
3065
3077
3081
3085
3129
3133
3141
3157
3161
3165
3177
3201
3205
3225
3233
3237
3245
3265
3277
3281
3289
3293
3297
3305
3321
3325
3333
3341
3345
3349
3357
3365
3385
3405
3417
3425
3429
3441
3477
3497
3501
3505
3509
3525
3537
3545
3549
3553
3565
3573
3577
3585
3589
3597
3601
3605
3609
3621
3625
3633
3645
3649
3653
3657
3665
3681
3685
3689
3721
3725
3729
3737
3741
3745
3753
3757
3765
3773
3785
3789
3801
3805
3809
3813
3845
3857
3865
3869
3893
3897
3905
3913
3925
3945
3961
3973
3977
3985
3993
4017
4025
4029
4033
4041
4045
4053
4065
4069
4077
4081
4085
4089
4097
4105
4113
4121
4125
4137
4141
4145
4149
4161
4173
4181
4205
4209
4225
4233
4245
4265
4277
4285
4293
4301
4321
4325
4345
4361
4369
4381
4385
4401
4405
4425
4433
4445
4453
4465
4469
4477
4509
4521
4525
4537
4553
4565
4573
4581
4585
4589
4605
4617
4625
4633
4645
4665
4669
4685
4689
4693
4697
4705
4709
4717
4753
4765
4773
4777
4805
4809
4825
4833
4849
4865
4869
4885
4893
4901
4917
4921
4925
4929
4941
4945
4949
4953
4961
4965
4981
4985
5013
5017
5025
5037
5045
5057
5061
5065
5069
5073
5105
5109
5117
5121
5125
5133
5141
5157
5161
5165
5181
5193
5205
5213
5217
5225
5245
5249
5253
5285
5289
5305
5317
5321
5325
5329
5337
5341
5345
5353
5369
5373
5385
5389
5397
5405
5409
5421
5425
5429
5453
5457
5465
5473
5485
5505
5513
5517
5529
5537
5545
5553
5577
5585
5589
5593
5597
5605
5617
5621
5625
5629
5645
5649
5665
5673
5681
5685
5697
5705
5709
5713
5725
5729
5745
5757
5765
5769
5777
5781
5797
5809
5817
5825
5829
5837
5845
5877
5885
5889
5901
5905
5913
5917
5925
5933
5941
5949
5957
5965
5973
5989
5993
6001
6005
6021
6025
6057
6061
6065
6069
6085
6093
6097
6109
6125
6129
6137
6141
6145
6149
6153
6161
6177
6185
6213
6225
6245
6253
6265
6285
6293
6309
6325
6341
6357
6365
6369
6381
6385
6401
6413
6425
6437
6441
6445
6453
6461
6465
6477
6485
6497
6501
6505
6513
6517
6549
6573
6585
6597
6601
6605
6613
6617
6625
6641
6645
6649
6657
6665
6681
6685
6693
6697
6713
6721
6725
6745
6749
6757
6773
6777
6785
6789
6805
6813
6817
6837
6845
6849
6853
6865
6873
6877
6893
6905
6921
6925
6929
6945
6953
6957
6965
6969
6981
6985
6989
7005
7021
7025
7033
7045
7049
7077
7081
7089
7093
7101
7125
7141
7145
7157
7165
7173
7185
7189
7205
7209
7221
7225
7241
7257
7261
7265
7281
7285
7289
7301
7305
7317
7325
7329
7337
7361
7365
7373
7381
7385
7389
7397
7405
7413
7421
7429
7437
7445
7449
7453
7461
7465
7469
7473
7485
7501
7505
7521
7525
7533
7545
7553
7557
7569
7625
7633
7641
7645
7657
7677
7689
7693
7701
7705
7709
7713
7725
7733
7745
7761
7765
7769
7777
7797
7801
7805
7809
7813
7825
7833
7837
7845
7857
7869
7881
7885
7889
7893
7897
7913
7921
7925
7929
7945
7953
7957
7969
7973
7985
8005
8021
8025
8029
8033
8041
8045
8065
8077
8105
8113
8125
8149
8165
8169
8181
8185
8205
8225
8229
8241
8249
8277
8281
8285
8289
8305
8313
8321
8333
8337
8345
8357
8361
8365
8381
8393
8397
8405
8421
8425
8433
8437
8445
8449
8465
8469
8473
8477
8481
8485
8489
8493
8497
8517
8525
8533
8545
8565
8569
8577
8589
8593
8601
8605
8621
8625
8633
8653
8665
8697
8701
8705
8725
8729
8733
8749
8765
8769
8785
8789
8793
8801
8805
8825
8829
8833
8841
8853
8857
8869
8877
8885
8897
8917
8937
8945
8949
8957
8961
8965
8973
8985
8989
8993
9005
9021
9025
9077
9081
9085
9089
9093
9105
9113
9117
9125
9129
9141
9145
9153
9169
9185
9189
9193
9197
9205
9213
9217
9245
9269
9273
9285
9297
9305
9309
9317
9321
9325
9361
9365
9369
9373
9381
9385
9389
9393
9401
9409
9417
9429
9441
9445
9453
9457
9465
9469
9477
9485
9505
9509
9525
9529
9537
9541
9545
9549
9553
9565
9577
9581
9593
9597
9621
9625
9633
9645
9653
9665
9669
9673
9681
9693
9701
9705
9709
9717
9725
9737
9741
9745
9773
9785
9789
9797
9809
9821
9825
9837
9841
9845
9861
9865
9873
9877
9881
9885
9889
9893
9905
9909
9925
9953
9965
9981
9985
9997
